0.010000, -0.059109
0.020000, -0.116471
0.030000, -0.172138
0.040000, -0.226159
0.050000, -0.278584
0.060000, -0.329460
0.070000, -0.378831
0.080000, -0.426744
0.090000, -0.473241
0.100000, -0.518364
0.110000, -0.562153
0.120000, -0.604647
0.130000, -0.645886
0.140000, -0.685906
0.150000, -0.724744
0.160000, -0.762433
0.170000, -0.799009
0.180000, -0.834503
0.190000, -0.868949
0.200000, -0.902377
0.210000, -0.934816
0.220000, -0.966297
0.230000, -0.996848
0.240000, -1.026495
0.250000, -1.055267
0.260000, -1.083188
0.270000, -1.110284
0.280000, -1.136579
0.290000, -1.162097
0.300000, -1.186861
0.310000, -1.210892
0.320000, -1.234214
0.330000, -1.256846
0.340000, -1.278810
0.350000, -1.300124
0.360000, -1.320809
0.370000, -1.340882
0.380000, -1.360362
0.390000, -1.379266
0.400000, -1.397611
0.410000, -1.415415
0.420000, -1.432692
0.430000, -1.449458
0.440000, -1.465729
0.450000, -1.481519
0.460000, -1.496843
0.470000, -1.511713
0.480000, -1.526144
0.490000, -1.540149
0.500000, -1.553740
0.510000, -1.566929
0.520000, -1.579728
0.530000, -1.592149
0.540000, -1.604203
0.550000, -1.615900
0.560000, -1.627252
0.570000, -1.638268
0.580000, -1.648959
0.590000, -1.659334
0.600000, -1.669402
0.610000, -1.679173
0.620000, -1.688655
0.630000, -1.697856
0.640000, -1.706786
0.650000, -1.715452
0.660000, -1.723861
0.670000, -1.732023
0.680000, -1.739942
0.690000, -1.747628
0.700000, -1.755087
0.710000, -1.762325
0.720000, -1.769350
0.730000, -1.776166
0.740000, -1.782782
0.750000, -1.789201
0.760000, -1.795431
0.770000, -1.801477
0.780000, -1.807345
0.790000, -1.813038
0.800000, -1.818564
0.810000, -1.823926
0.820000, -1.829130
0.830000, -1.834180
0.839999, -1.839081
0.849999, -1.843837
0.859999, -1.848452
0.869999, -1.852931
0.879999, -1.857277
0.889999, -1.861495
0.899999, -1.865589
0.909999, -1.869561
0.919999, -1.873416
0.929999, -1.877157
0.939999, -1.880788
0.949999, -1.884311
0.959999, -1.887730
0.969999, -1.891048
0.979999, -1.894268
0.989999, -1.897393
0.999999, -1.900426
1.009999, -1.903369
1.019999, -1.906224
1.029999, -1.908996
1.039999, -1.911686
1.049999, -1.914296
1.059999, -1.916829
1.069999, -1.919287
1.079999, -1.921672
1.089999, -1.923987
1.099999, -1.926234
1.109999, -1.928414
1.119999, -1.930529
1.129999, -1.932583
1.139999, -1.934575
1.149999, -1.936509
1.159999, -1.938385
1.169999, -1.940206
1.179999, -1.941973
1.189999, -1.943688
1.199999, -1.945353
1.209999, -1.946968
1.219999, -1.948535
1.229999, -1.950056
1.239999, -1.951532
1.249999, -1.952964
1.259999, -1.954355
1.269999, -1.955703
1.279999, -1.957013
1.289999, -1.958283
1.299999, -1.959516
1.309999, -1.960712
1.319999, -1.961874
1.329999, -1.963000
1.339999, -1.964094
1.349999, -1.965155
1.359999, -1.966185
1.369999, -1.967184
1.379999, -1.968154
1.389999, -1.969095
1.399999, -1.970009
1.409999, -1.970895
1.419999, -1.971755
1.429999, -1.972590
1.439999, -1.973400
1.449999, -1.974186
1.459999, -1.974949
1.469999, -1.975690
1.479999, -1.976408
1.489999, -1.977105
1.499999, -1.977782
1.509999, -1.978438
1.519999, -1.979076
1.529999, -1.979694
1.539999, -1.980294
1.549999, -1.980877
1.559999, -1.981442
1.569999, -1.981990
1.579999, -1.982523
1.589999, -1.983039
1.599999, -1.983540
1.609999, -1.984027
1.619999, -1.984499
1.629999, -1.984957
1.639999, -1.985402
1.649999, -1.985833
1.659999, -1.986252
1.669999, -1.986658
1.679999, -1.987052
1.689999, -1.987435
1.699999, -1.987806
1.709999, -1.988167
1.719999, -1.988516
1.729999, -1.988856
1.739999, -1.989185
1.749999, -1.989505
1.759999, -1.989815
1.769999, -1.990116
1.779999, -1.990408
1.789999, -1.990692
1.799999, -1.990967
1.809999, -1.991234
1.819999, -1.991493
1.829999, -1.991744
1.839999, -1.991988
1.849999, -1.992225
1.859999, -1.992455
1.869999, -1.992678
1.879999, -1.992894
1.889999, -1.993104
1.899999, -1.993308
1.909999, -1.993506
1.919999, -1.993698
1.929999, -1.993884
1.939999, -1.994065
1.949998, -1.994240
1.959998, -1.994410
1.969998, -1.994576
1.979998, -1.994736
1.989998, -1.994891
1.999998, -1.995042
2.009999, -1.995189
2.019999, -1.995331
2.029999, -1.995469
2.039999, -1.995603
2.049999, -1.995733
2.059999, -1.995859
2.069999, -1.995982
2.079998, -1.996100
2.089998, -1.996216
2.099998, -1.996327
2.109998, -1.996436
2.119998, -1.996541
2.129998, -1.996644
2.139998, -1.996743
2.149998, -1.996839
2.159998, -1.996933
2.169998, -1.997023
2.179998, -1.997111
2.189998, -1.997196
2.199998, -1.997279
2.209998, -1.997360
2.219998, -1.997438
2.229998, -1.997514
2.239998, -1.997587
2.249998, -1.997658
2.259998, -1.997728
2.269998, -1.997795
2.279998, -1.997860
2.289998, -1.997923
2.299998, -1.997985
2.309998, -1.998044
2.319998, -1.998102
2.329998, -1.998158
2.339998, -1.998213
2.349998, -1.998265
2.359998, -1.998317
2.369998, -1.998366
2.379998, -1.998415
2.389998, -1.998461
2.399998, -1.998507
2.409998, -1.998551
2.419998, -1.998594
2.429998, -1.998635
2.439998, -1.998676
2.449998, -1.998715
2.459998, -1.998753
2.469998, -1.998790
2.479998, -1.998825
2.489998, -1.998860
2.499998, -1.998894
2.509998, -1.998927
2.519998, -1.998958
2.529998, -1.998989
2.539998, -1.999019
2.549998, -1.999048
2.559998, -1.999076
2.569998, -1.999103
2.579998, -1.999130
2.589998, -1.999156
2.599998, -1.999180
2.609998, -1.999205
2.619998, -1.999228
2.629998, -1.999251
2.639998, -1.999273
2.649998, -1.999295
2.659998, -1.999315
2.669998, -1.999336
2.679998, -1.999355
2.689998, -1.999374
2.699998, -1.999393
2.709998, -1.999411
2.719998, -1.999428
2.729998, -1.999445
2.739998, -1.999462
2.749998, -1.999478
2.759998, -1.999493
2.769998, -1.999508
2.779998, -1.999523
2.789998, -1.999537
2.799998, -1.999550
2.809998, -1.999564
2.819998, -1.999576
2.829998, -1.999589
2.839998, -1.999601
2.849998, -1.999613
2.859998, -1.999624
2.869998, -1.999635
2.879998, -1.999646
2.889998, -1.999657
2.899998, -1.999667
2.909998, -1.999677
2.919998, -1.999686
2.929998, -1.999696
2.939998, -1.999704
2.949998, -1.999713
2.959998, -1.999722
2.969998, -1.999730
2.979998, -1.999738
2.989998, -1.999746
2.999998, -1.999753
3.009998, -1.999760
